dataset                             n  kb comparison     ours16       ours     fixed8       msd8      lsd11       wc11 clickhouse     duckdb  duck_comp   (us, best of runs; ! = wrong order)
chrome_slice_dur/4096            4096  64       65.9       65.7       55.2       66.2       95.6       55.4      110.2       65.5       83.4       80.0
chrome_slice_dur/65536          65536  64     3107.4      643.2      643.2     1010.8     1456.6      801.7     1422.2     1055.1     1284.0     1284.4
chrome_slice_dur               409977  64    23742.7     3678.1     3680.4     6659.4     9503.8     5264.4     8882.3     6664.5     8143.5     8100.5
chrome_slice_name/4096           4096  16       66.0       24.1       15.6       15.3       27.4       15.4       24.1       70.5       68.2       24.0
chrome_slice_name/65536         65536  16     3210.0       94.5       97.5      239.8      452.1      239.8      426.7     1113.7      962.2      332.6
chrome_slice_name              409977  16    23801.9      529.6      528.8     1539.8     2794.0     1526.3     2835.5     7006.4     6144.8     2215.8
chrome_slice_ts_by_track/4096     4096  40       54.9       32.8       22.7       28.1       47.0       22.9       46.5       52.0       11.1       11.0
chrome_slice_ts_by_track/65536    65536  40     1323.6      329.4      332.2      432.8      940.4      371.4      853.0      819.5      134.5      134.1
chrome_slice_ts_by_track       409977  40    12452.3     1905.8     1876.7     2752.6     6492.8     2174.4     5373.6     5281.5     5632.8     5541.4
example_sched_ts_by_cpu/4096     4096  40        7.6       32.6       22.9       25.6       54.2       22.9       52.3        4.5        1.2        3.8
example_sched_ts_by_cpu/65536    65536  40     1331.6      305.5      304.8      380.1      929.7      309.9      810.1      806.9      151.7      160.5
example_sched_ts_by_cpu        384623  40    11660.2     1772.2     1782.2     2298.2     6227.8     1876.1     4847.4     4696.5     2742.4     2711.4
example_thread_state_dur/4096     4096  64       69.3       70.0       51.6       60.3       86.5       51.2      109.5       58.2       89.5       89.6
example_thread_state_dur/65536    65536  64     3201.6      632.1      634.0      998.3     1620.3      790.0     1398.0      975.4     1461.5     1482.0
example_thread_state_dur       549904  64    33328.4     5092.1     5155.6     8717.9    13504.4     6811.1    11823.4     8695.9    13586.7    13626.5
heap_obj_self_size/4096          4096  16       69.4       25.0       18.5       18.5       32.4       18.5       28.1       70.4       54.4       24.6
heap_obj_self_size/65536        65536  24     2947.8      307.9      307.8      438.7      765.7      438.8      709.2     1131.0     1096.0      784.2
heap_obj_self_size            1306442  24    72358.0     6502.5     6542.2     9090.3    16172.0     9028.6    14820.1    21029.2    21368.1    16005.5
heap_obj_type/4096               4096  16       64.5       26.8       19.8       19.8       33.8       19.8       31.1       72.3       66.8       25.9
heap_obj_type/65536             65536  16     2642.8      133.4      134.6      308.4      518.7      308.0      487.4     1146.5     1099.7      416.0
heap_obj_type                 1306442  16    66938.5     2679.8     2712.8     6291.7    10976.5     6291.8    10142.2    22253.1    20823.7     8895.3
heap_ref_field/4096              4096  16       60.2       26.2       17.6       17.5       30.9       17.5       27.5       70.2       69.4       26.0
heap_ref_field/65536            65536  16     2430.2      149.4      150.0      289.2      475.6      288.9      435.2     1125.2     1066.8      384.5
heap_ref_field                5868134  16   308085.5    12020.5    12169.7    26253.6    49916.3    26083.8    41308.0    97867.6    79353.3    40260.5
heap_ref_owned/4096              4096  64       59.1       59.0       25.5       33.8       80.5       25.7       43.4       72.7       76.2       76.3
heap_ref_owned/65536            65536  64     2682.2      380.8      380.6      530.9     1284.0      502.7      780.7     1147.9     1150.6     1151.2
heap_ref_owned                5868134  64   326403.7    44857.3    44731.3    58575.6   110341.9    46810.9    73741.0    98779.0   101231.2   108904.1
sched_ps_sched_utid/4096         4096   8       67.9        5.7        5.7        5.7       14.7        5.5       10.2       73.3       54.2        8.9
sched_ps_sched_utid/65536       65536  16     2976.4      122.2      122.6      279.6      526.5      279.2      466.5     1145.6      885.0      425.2
sched_ps_sched_utid            221809  16    11295.0      374.7      375.3      937.9     1801.6      939.3     1655.3     3820.8     3324.5     1457.5
wattson_counter_bits/4096        4096  48       64.5       64.2       35.3       45.5       61.6       39.1       74.2       63.8       70.1       70.1
wattson_counter_bits/65536      65536  64     2811.3      629.8      630.3     1065.4     1528.0      811.1     1383.7     1061.8     1362.6     1359.9
wattson_counter_bits           262072  64    11812.1     2357.3     2358.3     4352.8     6244.4     3333.7     5651.1     4400.0     5616.9     5602.2
wattson_estimate_cpu0_uw/4096     4096  64       59.6       58.8       38.0       46.0       91.3       37.5       64.1       76.7       81.7       82.9
wattson_estimate_cpu0_uw/65536    65536  64     1828.5      589.7      588.3      720.7     1508.8      569.2      845.8     1181.1     1225.6     1227.4
wattson_estimate_cpu0_uw       214482  64     8006.1     1799.3     1786.8     2345.5     4944.6     1839.4     2772.1     3905.0     4283.6     4273.7
wattson_estimate_dur/4096        4096  24       66.6       11.8       12.1       16.8       32.3       16.7       27.9       62.4       70.2       41.7
wattson_estimate_dur/65536      65536  24     3218.8      167.4      166.6      281.7      631.4      281.4      639.1     1013.5     1207.9      770.3
wattson_estimate_dur           214482  40    11947.6     1353.4     1346.2     1953.5     3623.2     1586.8     3015.0     3293.9     5005.7     4951.1
wattson_sched_dur/4096           4096  32       62.9       61.7       21.2       24.1       40.5       21.1       49.5       60.8       72.9       44.4
wattson_sched_dur/65536         65536  40     3195.0      391.1      391.8      552.6     1079.7      464.8      890.5      966.5     1458.1     1450.1
wattson_sched_dur              162050  64     8622.5     1474.8     1482.0     2480.0     3994.0     1925.4     3426.6     2415.0     4212.5     4190.3
wattson_slice_dur/4096           4096  32       83.8       62.2       22.9       28.8       55.9       22.9       47.5       63.7       80.4       51.9
wattson_slice_dur/65536         65536  64     3160.5      657.0      656.4     1082.5     1631.8      820.9     1404.2     1063.3     1538.4     1528.8
wattson_slice_dur              698481  64    42085.8     6606.8     6539.5    11538.6    17594.0     8838.3    15023.7    11540.4    16371.4    16303.3
wattson_thread_state_ts/4096     4096  40        7.8       31.6       19.5       22.2       41.2       19.1       43.7        4.6        1.2        1.2
wattson_thread_state_ts/65536    65536  40     1789.0      302.8      299.0      384.2      927.3      320.2      814.1      771.0      880.3      879.0
wattson_thread_state_ts        300631  40    10477.3     1380.7     1366.2     1936.2     4715.0     1554.7     3879.3     3703.5     7253.3     7318.2
random/1024/32                   1024  32       12.9       12.8        3.8        3.7        3.7        4.5       27.2       12.7       12.1        4.6
golden/1024/32                   1024  32       12.6       12.6        3.8        3.7        3.5        4.5       24.1       12.5       11.8        4.4
dup16/1024/32                    1024  32       12.5       12.5        8.8        8.8        9.7        8.1       22.3       17.2       10.7        3.2
random/1024/64                   1024  64       12.5       12.3        6.2        7.2        3.6        8.7       51.2        6.1        4.0        4.1
golden/1024/64                   1024  64       12.5       12.5        6.5        7.1        3.6        8.7       45.2        6.0        3.8        3.8
dup16/1024/64                    1024  64       12.6       12.6        6.6       18.0       17.9       16.9       44.5       17.8        2.5        2.5
random/16384/32                 16384  32      605.1      101.2       61.4       65.4       98.0       60.0      131.8      204.7      216.9      102.1
golden/16384/32                 16384  32      527.5      104.2       85.0       94.1       91.2       74.7      103.0      232.0      214.9      139.8
dup16/16384/32                  16384  32      575.1      124.5      104.0      137.8      146.9      106.1      176.1      271.3      244.8      134.4
random/16384/64                 16384  64      578.4      203.4      117.2      127.3      100.0      111.3      285.9      111.6       93.5       93.1
golden/16384/64                 16384  64      523.1      201.6      124.1      213.9       90.8      141.8      194.1      191.5       92.7       93.1
dup16/16384/64                  16384  64      650.7      256.5      188.5      281.8      268.9      214.8      345.2      280.0      252.3      252.6
random/262144/32               262144  32    14939.9     1057.4     1059.1     1148.1     2351.2      941.2     2437.3     3372.4     4930.7     3508.3
golden/262144/32               262144  32    14211.7     1106.3     1105.8     4940.4     2438.2     2444.5     2012.5     7003.5     4924.9     3790.4
dup16/262144/32                262144  32    14794.5     1465.0     1500.7     2214.2     2328.0     1673.4     2821.9     4323.9     3821.6     1898.2
random/262144/64               262144  64    14946.8     2173.5     2168.2     2072.7     2322.8     1789.8     4856.4     1868.8     3223.5     3175.0
golden/262144/64               262144  64    14219.4     2200.9     2197.6     9656.8     2383.8     4652.5     3606.9     9228.0     3578.4     3555.6
dup16/262144/64                262144  64    14730.7     2988.2     2985.3     4528.5     3087.0     3405.5     5633.7     4536.9     3321.2     3303.1
random/4194304/32             4194304  32   298407.0    21093.9    21044.9    19498.5    35902.8    17214.9    39490.2    56127.8    82031.0    59212.6
golden/4194304/32             4194304  32   283975.4    37396.4    37743.2    66578.3    46088.2    52429.9    54041.4    97821.1    89510.9    68835.8
dup16/4194304/32              4194304  32   289872.3    26186.9    26186.1    38530.1    40962.8    29993.3    45034.1    68421.8    46999.3    25166.9
random/4194304/64             4194304  64   294876.2    41949.6    42212.9    37535.4    35579.3    32781.9    77660.5    34811.5    55589.5    55367.5
golden/4194304/64             4194304  64   282427.0    85382.7    85544.0   154404.8    46142.8   117518.7    97770.9   155249.1    63317.8    63575.5
dup16/4194304/64              4194304  64   296048.9    49297.8    49358.6    75007.5    71203.5    57869.6    88827.8    68755.3    47072.7    49938.0
