dataset                             n  kb comparison     ours16       ours     fixed8       msd8      lsd11       wc11 clickhouse     duckdb  duck_comp   (us, best of runs; ! = wrong order)
chrome_slice_dur/4096            4096  64      162.6      160.8       62.7       77.3       96.9       63.2       84.0       65.6       82.4       81.4
chrome_slice_dur/65536          65536  64     3832.2      733.1      760.5     1168.7     1912.4      941.0     1023.6     1064.3     1271.4     1272.8
chrome_slice_dur               409977  64    28818.1     4380.0     4476.0     7668.3    14467.6     6101.5     6412.6    10546.5     8283.9     8340.7
chrome_slice_name/4096           4096  16      156.7       26.0       16.7       16.9       37.7       17.7       20.8       66.8       61.0       25.7
chrome_slice_name/65536         65536  16     3890.0      156.3      153.5      290.9     1027.6      291.3      398.7     1107.4      897.7      354.5
chrome_slice_name              409977  16    28763.7     1133.0     1113.1     2176.2     9165.4     2021.2     2706.8    10963.9     6017.6     2732.1
chrome_slice_ts_by_track/4096     4096  40       69.4       42.8       33.1       38.8       37.9       34.4       61.5       57.5        5.9        5.7
chrome_slice_ts_by_track/65536    65536  40     2426.2      625.0      625.6      668.5      851.6      600.3      907.5      992.7      168.7      166.3
chrome_slice_ts_by_track       409977  40    15917.5     4324.5     4360.4     4420.3     6642.9     4441.5     6201.1    10119.4     5901.1     5908.5
example_sched_ts_by_cpu/4096     4096  40       57.3       43.7       36.5       40.3       47.1       36.5       58.4        4.3        1.2        5.0
example_sched_ts_by_cpu/65536    65536  40     2211.1      693.2      692.4      674.9      840.8      692.6      932.0     1039.7      151.2      150.1
example_sched_ts_by_cpu        384623  40    15384.9     4552.4     4523.5     4403.1     7080.4     5089.5     6279.9    10062.0     3807.8     3761.4
example_thread_state_dur/4096     4096  64      161.4      159.2       61.1       73.2       75.7       60.3       85.4       61.2       83.5       81.4
example_thread_state_dur/65536    65536  64     3982.1      811.0      832.3     1195.0     1716.4      974.1     1078.5     1051.3     1722.3     1730.4
example_thread_state_dur       549904  64    40110.9     6777.1     6936.7    10539.8    16067.7     8712.6     9455.1    14454.1    14163.7    14194.6
heap_obj_self_size/4096          4096  16      155.9       27.3       19.1       18.7       61.6       19.4       20.4       71.6       62.5       27.3
heap_obj_self_size/65536        65536  24     3660.2      316.7      342.7      471.2     1594.9      426.3      505.1     1142.1     1070.2      720.4
heap_obj_self_size            1306442  24    90992.9     7031.3     7075.3    10090.7    42536.3    10135.8    11313.5    36007.8    22673.6    16674.8
heap_obj_type/4096               4096  16      142.0       25.9       17.7       18.0       65.1       17.5       19.0       70.1       59.2       25.6
heap_obj_type/65536             65536  16     3435.9      152.2      147.6      295.6     1349.3      279.9      339.7     1148.9      951.7      406.6
heap_obj_type                 1306442  16    87028.0     3862.6     3814.5     6989.1    35126.1     6990.0     8262.8    36637.7    20622.0    10412.7
heap_ref_field/4096              4096  16      139.4       28.4       17.9       18.6       48.2       18.7       21.7       71.5       58.5       23.0
heap_ref_field/65536            65536  16     3334.6      167.0      164.6      290.4     1166.3      292.3      328.5     1132.1      867.8      323.2
heap_ref_field                5868134  16   420712.7    17396.3    17297.8    32018.0   178975.4    32127.3    37381.8   176838.7    94538.2    50064.2
heap_ref_owned/4096              4096  64      131.4      125.8       31.5       40.2       85.4       31.4       40.2       67.4       64.0       63.8
heap_ref_owned/65536            65536  64     3313.8      448.5      488.8      654.4     1666.0      618.6      707.9     1129.9      964.0      964.9
heap_ref_owned                5868134  64   413273.5    57992.6    60128.5    76990.1   218889.6    71440.3    79797.7   177813.0   110188.8   111452.5
sched_ps_sched_utid/4096         4096   8      151.6        8.4        8.4        8.8       38.7        8.7       10.7       75.3       59.7       13.3
sched_ps_sched_utid/65536       65536  16     4086.7      163.2      161.2      313.7     1295.7      316.5      419.5     1252.9     1030.1      438.6
sched_ps_sched_utid            221809  16    14379.8      520.9      518.6     1105.1     5106.4     1083.0     1433.2     4381.9     3318.2     1492.8
wattson_counter_bits/4096        4096  48      141.2      139.2       41.0       57.7       80.0       48.9       59.4       64.6       58.6       58.1
wattson_counter_bits/65536      65536  64     3528.4      772.5      795.5     1269.6     2367.3     1035.4     1109.4     1110.6     1287.5     1292.2
wattson_counter_bits           262072  64    16208.0     3005.6     3078.8     5236.8    10941.1     4518.1     4773.2     5211.5     5547.4     5557.6
wattson_estimate_cpu0_uw/4096     4096  64      131.7      130.8       43.7       54.4      125.7       43.2       53.7       77.6       75.7       74.9
wattson_estimate_cpu0_uw/65536    65536  64     2925.4      669.3      697.6      875.6     2438.8      695.6      754.5     1298.4     1256.4     1254.3
wattson_estimate_cpu0_uw       214482  64    11165.6     1892.7     1985.5     2759.0     8147.7     2140.9     2339.8     4235.3     3997.7     4005.8
wattson_estimate_dur/4096        4096  24      177.5       23.3       22.9       26.5       32.7       26.6       34.3       68.4       73.2       46.8
wattson_estimate_dur/65536      65536  24     4350.4      398.6      399.6      444.2      914.3      418.8      684.9     1100.1     1440.8     1083.0
wattson_estimate_dur           214482  40    15078.3     2003.7     1992.0     2488.5     4596.6     2240.8     2649.4     3775.4     5708.6     5498.7
wattson_sched_dur/4096           4096  32      168.2      166.8       30.3       36.1       40.3       29.7       50.7       63.7       71.8       48.8
wattson_sched_dur/65536         65536  40     4083.0      634.7      636.9      745.7     1353.8      702.8      868.3     1166.1     1852.8     1837.7
wattson_sched_dur              162050  64    11551.3     2181.4     2245.8     3142.5     4559.8     2666.7     2800.4     2847.7     4809.4     4784.1
wattson_slice_dur/4096           4096  32      163.3      152.3       30.4       37.2       56.0       30.0       45.4       65.4       84.1       57.0
wattson_slice_dur/65536         65536  64     4095.7      793.9      818.7     1236.2     1979.0     1034.4     1094.3     1137.9     1687.1     1681.0
wattson_slice_dur              698481  64    52853.2     9101.7     9209.0    14482.1    25269.5    12053.1    13227.8    14207.4    16865.6    17421.1
wattson_thread_state_ts/4096     4096  40       63.0       48.9       40.4       44.8       36.4       41.0       62.9        4.7        1.3        1.3
wattson_thread_state_ts/65536    65536  40     2509.1      729.5      715.5      712.5     1014.1      706.2      980.4     1049.2     1079.0     1075.5
wattson_thread_state_ts        300631  40    14532.8     3585.9     3586.4     3366.8     4847.6     3571.5     4870.9     5332.2     7856.9     7758.8
random/1024/32                   1024  32       15.5       15.2        6.2        6.4        4.1        6.9       31.7       13.1       14.0        5.9
golden/1024/32                   1024  32       14.1       14.0        6.4        6.7        4.0        7.3       28.2       13.1       12.1        5.1
dup16/1024/32                    1024  32       14.4       14.2        8.8        8.9       10.7        8.5       18.2       15.9       10.9        3.7
random/1024/64                   1024  64       14.6       14.6        9.8       13.1        3.9       13.4       68.3        8.2        5.2        5.0
golden/1024/64                   1024  64       14.2       14.1        9.8       13.3        4.0       13.8       53.9        8.3        4.2        4.2
dup16/1024/64                    1024  64       14.8       14.7        9.9       18.4       15.2       16.8       33.4       16.5        2.8        2.8
random/16384/32                 16384  32      876.0      153.3      136.1      134.8      131.3      136.5      191.2      250.6      338.3      248.8
golden/16384/32                 16384  32      830.0      147.6      152.5      292.0      155.7      153.3      183.6      412.5      327.9      239.3
dup16/16384/32                  16384  32      861.2      117.9      107.0      152.1      300.0      112.8      127.2      282.6      228.2      138.2
random/16384/64                 16384  64      877.3      324.3      264.9      260.4      131.1      271.6      390.5      203.7      216.7      214.6
golden/16384/64                 16384  64      801.3      335.9      267.3      599.2      158.1      298.8      355.0      523.6      223.8      222.6
dup16/16384/64                  16384  64      879.3      245.7      206.5      323.1      407.6      244.3      252.3      284.8      241.0      242.0
random/262144/32               262144  32    18964.2     3052.8     3203.9     2580.5     3488.5     2807.5     3037.0     4712.5     6124.6     4999.1
golden/262144/32               262144  32    17268.1     2959.1     2965.3     6678.9     3268.6     4831.0     3411.3    10588.4     6507.8     5193.8
dup16/262144/32                262144  32    18468.4     1429.9     1415.6     2597.7     6773.3     1924.6     2142.0     4855.4     3641.8     2295.5
random/262144/64               262144  64    19006.8     6115.1     6094.6     4807.1     3500.3     5483.5     5933.8     4245.2     5165.4     5070.5
golden/262144/64               262144  64    17286.7     6460.8     6438.0    12731.9     3278.9     9411.5     6917.7    15247.7     4638.9     4739.6
dup16/262144/64                262144  64    18611.3     2869.0     2958.2     5197.4     8546.5     3984.9     4192.8     4909.7     3787.9     3860.9
random/4194304/32             4194304  32   378344.2    46281.0    48131.5    49653.3    54600.7    50707.7    52125.8   125675.5   107878.0    89355.5
golden/4194304/32             4194304  32   335506.9    76866.8    77201.4   198470.0   116872.3   163836.8    65842.3   189231.5   114771.4    95897.4
dup16/4194304/32              4194304  32   350858.0    23851.8    23787.7    43879.6   136215.6    36247.7    41384.1   123504.0    59974.7    41245.9
random/4194304/64             4194304  64   363965.0    90340.0    90110.5    89230.3    54474.5    97444.0   104311.7   125896.5    80049.5    79584.0
golden/4194304/64             4194304  64   336755.8   188583.5   189303.3   373525.8   115290.7   331421.1   129813.3   344995.4    83554.9    84575.2
dup16/4194304/64              4194304  64   343188.6    46306.5    46357.7    86480.9   158997.4    66205.1    71197.8   123607.4    58549.4    58197.8
